"ro" "co" "cat" "vis_int" "tim_lst_pos" "nb_round" "sweep"
744 1 "A" 360 10000 1 1
745 1 "A" 360 10000 1 1
762 29 "A" 360 10000 1 1
763 29 "A" 360 10000 1 1
764 29 "A" 360 10000 1 1
765 29 "A" 360 10000 1 1
763 30 "A" 360 10000 1 1
764 30 "A" 360 10000 1 1
765 30 "A" 360 10000 1 1
763 31 "A" 360 10000 1 1
764 31 "A" 360 10000 1 1
765 31 "A" 360 10000 1 1
764 32 "A" 360 10000 1 1
765 32 "A" 360 10000 1 1
763 33 "A" 360 10000 1 1
764 33 "A" 360 10000 1 1
765 33 "A" 360 10000 1 1
766 33 "A" 360 10000 1 1
763 34 "A" 360 10000 1 1
764 34 "A" 360 10000 1 1
765 34 "A" 360 10000 1 1
756 45 "A" 360 10000 1 1
757 45 "A" 360 10000 1 1
758 45 "A" 360 10000 1 1
755 46 "A" 360 10000 1 1
756 46 "A" 360 10000 1 1
757 46 "A" 360 10000 1 1
758 46 "A" 360 10000 1 1
754 47 "A" 360 10000 1 1
755 47 "A" 360 10000 1 1
756 47 "A" 360 10000 1 1
757 47 "A" 360 10000 1 1
758 47 "A" 360 10000 1 1
754 48 "A" 360 10000 1 1
755 48 "A" 360 10000 1 1
756 48 "A" 360 10000 1 1
757 48 "A" 360 10000 1 1
758 48 "A" 360 10000 1 1
754 49 "A" 360 10000 1 1
755 49 "A" 360 10000 1 1
756 49 "A" 360 10000 1 1
757 49 "A" 360 10000 1 1
756 53 "A" 360 10000 1 1
757 53 "A" 360 10000 1 1
756 54 "A" 360 10000 1 1
757 54 "A" 360 10000 1 1
756 55 "A" 360 10000 1 1
757 55 "A" 360 10000 1 1
767 60 "A" 360 10000 1 1
768 60 "A" 360 10000 1 1
775 67 "A" 360 10000 1 1
776 67 "A" 360 10000 1 1
774 68 "A" 360 10000 1 1
775 68 "A" 360 10000 1 1
776 68 "A" 360 10000 1 1
774 69 "A" 360 10000 1 1
775 69 "A" 360 10000 1 1
776 69 "A" 360 10000 1 1
764 75 "A" 360 10000 1 1
764 76 "A" 360 10000 1 1
767 77 "A" 360 10000 1 1
768 77 "A" 360 10000 1 1
767 78 "A" 360 10000 1 1
768 78 "A" 360 10000 1 1
768 79 "A" 360 10000 1 1
788 94 "A" 360 10000 1 1
788 95 "A" 360 10000 1 1
764 97 "A" 360 10000 1 1
764 98 "A" 360 10000 1 1
185 99 "A" 360 10000 1 1
186 99 "A" 360 10000 1 1
185 100 "A" 360 10000 1 1
186 100 "A" 360 10000 1 1
187 100 "A" 360 10000 1 1
186 101 "A" 360 10000 1 1
187 101 "A" 360 10000 1 1
284 109 "A" 360 10000 1 1
285 109 "A" 360 10000 1 1
265 110 "A" 360 10000 1 1
266 110 "A" 360 10000 1 1
284 110 "A" 360 10000 1 1
285 110 "A" 360 10000 1 1
286 110 "A" 360 10000 1 1
265 111 "A" 360 10000 1 1
266 111 "A" 360 10000 1 1
284 111 "A" 360 10000 1 1
285 111 "A" 360 10000 1 1
286 111 "A" 360 10000 1 1
258 112 "A" 360 10000 1 1
259 112 "A" 360 10000 1 1
260 112 "A" 360 10000 1 1
261 112 "A" 360 10000 1 1
267 112 "A" 360 10000 1 1
268 112 "A" 360 10000 1 1
284 112 "A" 360 10000 1 1
285 112 "A" 360 10000 1 1
773 112 "A" 360 10000 1 1
774 112 "A" 360 10000 1 1
775 112 "A" 360 10000 1 1
258 113 "A" 360 10000 1 1
259 113 "A" 360 10000 1 1
260 113 "A" 360 10000 1 1
261 113 "A" 360 10000 1 1
267 113 "A" 360 10000 1 1
268 113 "A" 360 10000 1 1
272 113 "A" 360 10000 1 1
273 113 "A" 360 10000 1 1
284 113 "A" 360 10000 1 1
285 113 "A" 360 10000 1 1
286 113 "A" 360 10000 1 1
287 113 "A" 360 10000 1 1
773 113 "A" 360 10000 1 1
774 113 "A" 360 10000 1 1
775 113 "A" 360 10000 1 1
258 114 "A" 360 10000 1 1
259 114 "A" 360 10000 1 1
260 114 "A" 360 10000 1 1
261 114 "A" 360 10000 1 1
267 114 "A" 360 10000 1 1
268 114 "A" 360 10000 1 1
269 114 "A" 360 10000 1 1
270 114 "A" 360 10000 1 1
271 114 "A" 360 10000 1 1
272 114 "A" 360 10000 1 1
273 114 "A" 360 10000 1 1
274 114 "A" 360 10000 1 1
278 114 "A" 360 10000 1 1
279 114 "A" 360 10000 1 1
280 114 "A" 360 10000 1 1
284 114 "A" 360 10000 1 1
285 114 "A" 360 10000 1 1
286 114 "A" 360 10000 1 1
287 114 "A" 360 10000 1 1
258 115 "A" 360 10000 1 1
259 115 "A" 360 10000 1 1
261 115 "A" 360 10000 1 1
262 115 "A" 360 10000 1 1
269 115 "A" 360 10000 1 1
270 115 "A" 360 10000 1 1
271 115 "A" 360 10000 1 1
272 115 "A" 360 10000 1 1
273 115 "A" 360 10000 1 1
274 115 "A" 360 10000 1 1
275 115 "A" 360 10000 1 1
278 115 "A" 360 10000 1 1
279 115 "A" 360 10000 1 1
280 115 "A" 360 10000 1 1
281 115 "A" 360 10000 1 1
285 115 "A" 360 10000 1 1
286 115 "A" 360 10000 1 1
287 115 "A" 360 10000 1 1
768 115 "A" 360 10000 1 1
769 115 "A" 360 10000 1 1
770 115 "A" 360 10000 1 1
258 116 "A" 360 10000 1 1
259 116 "A" 360 10000 1 1
270 116 "A" 360 10000 1 1
271 116 "A" 360 10000 1 1
272 116 "A" 360 10000 1 1
273 116 "A" 360 10000 1 1
274 116 "A" 360 10000 1 1
275 116 "A" 360 10000 1 1
279 116 "A" 360 10000 1 1
280 116 "A" 360 10000 1 1
281 116 "A" 360 10000 1 1
285 116 "A" 360 10000 1 1
286 116 "A" 360 10000 1 1
287 116 "A" 360 10000 1 1
769 116 "A" 360 10000 1 1
770 116 "A" 360 10000 1 1
245 117 "B" 360 1138 1 1
246 117 "A" 360 10000 1 1
258 117 "A" 360 10000 1 1
272 117 "A" 360 10000 1 1
273 117 "B" 360 509 1 1
274 117 "A" 360 10000 1 1
275 117 "A" 360 10000 1 1
245 118 "E" 30 2180 1 1
246 118 "B" 360 1268 1 1
245 119 "A" 360 10000 1 1
246 119 "B" 360 292 1 1
257 119 "A" 360 10000 1 1
283 119 "A" 360 10000 1 1
293 119 "A" 360 10000 1 1
246 120 "A" 360 10000 1 1
256 120 "A" 360 10000 1 1
257 120 "A" 360 10000 1 1
269 120 "A" 360 10000 1 1
291 120 "A" 360 10000 1 1
292 120 "A" 360 10000 1 1
293 120 "A" 360 10000 1 1
243 121 "A" 360 10000 1 1
244 121 "A" 360 10000 1 1
245 121 "A" 360 10000 1 1
268 121 "A" 360 10000 1 1
269 121 "A" 360 10000 1 1
270 121 "A" 360 10000 1 1
277 121 "A" 360 10000 1 1
278 121 "A" 360 10000 1 1
291 121 "A" 360 10000 1 1
292 121 "A" 360 10000 1 1
293 121 "A" 360 10000 1 1
294 121 "A" 360 10000 1 1
243 122 "A" 360 10000 1 1
244 122 "A" 360 10000 1 1
245 122 "A" 360 10000 1 1
277 122 "A" 360 10000 1 1
278 122 "A" 360 10000 1 1
292 122 "A" 360 10000 1 1
293 122 "A" 360 10000 1 1
294 122 "A" 360 10000 1 1
244 123 "A" 360 10000 1 1
277 123 "A" 360 10000 1 1
279 123 "A" 360 10000 1 1
292 123 "A" 360 10000 1 1
293 123 "A" 360 10000 1 1
294 123 "A" 360 10000 1 1
248 124 "A" 360 10000 1 1
274 124 "A" 360 10000 1 1
293 124 "A" 360 10000 1 1
294 124 "A" 360 10000 1 1
295 124 "A" 360 10000 1 1
296 124 "A" 360 10000 1 1
248 125 "A" 360 10000 1 1
274 125 "A" 360 10000 1 1
293 125 "A" 360 10000 1 1
294 125 "A" 360 10000 1 1
238 133 "A" 360 10000 1 1
239 133 "A" 360 10000 1 1
238 134 "A" 360 10000 1 1
239 134 "A" 360 10000 1 1
346 136 "A" 360 10000 1 1
244 137 "A" 360 10000 1 1
245 137 "B" 360 327 1 1
346 137 "A" 360 10000 1 1
347 137 "A" 360 10000 1 1
345 138 "A" 360 10000 1 1
346 138 "A" 360 10000 1 1
347 138 "A" 360 10000 1 1
355 139 "A" 360 10000 1 1
356 139 "A" 360 10000 1 1
355 140 "E" 30 2179 1 1
356 140 "B" 360 1258 1 1
384 142 "A" 360 10000 1 1
385 142 "A" 360 10000 1 1
384 143 "B" 360 1376 1 1
385 143 "A" 360 10000 1 1
384 144 "E" 30 2055 1 1
355 146 "B" 360 1268 1 1
357 151 "B" 360 1307 1 1
339 152 "E" 30 2085 1 1
340 152 "E" 30 2138 1 1
356 152 "B" 360 923 1 1
357 152 "E" 30 2055 1 1
340 153 "B" 360 1075 1 1
375 153 "A" 360 10000 1 1
375 154 "E" 30 2139 1 1
376 154 "E" 30 2139 1 1
377 154 "B" 360 1109 1 1
376 155 "A" 360 10000 1 1
377 155 "A" 360 10000 1 1
374 156 "A" 360 10000 1 1
375 156 "B" 360 305 1 1
374 157 "B" 360 964 1 1
375 157 "B" 360 661 1 1
439 157 "A" 360 10000 1 1
440 157 "A" 360 10000 1 1
439 158 "A" 360 10000 1 1
440 158 "A" 360 10000 1 1
3 161 "A" 360 10000 1 1
3 162 "A" 360 10000 1 1
4 162 "A" 360 10000 1 1
2 163 "A" 360 10000 1 1
3 163 "A" 360 10000 1 1
4 163 "A" 360 10000 1 1
5 163 "A" 360 10000 1 1
3 164 "A" 360 10000 1 1
4 164 "A" 360 10000 1 1
9 172 "A" 360 10000 1 1
7 173 "A" 360 10000 1 1
8 173 "A" 360 10000 1 1
9 173 "A" 360 10000 1 1
10 173 "A" 360 10000 1 1
7 174 "A" 360 10000 1 1
8 174 "A" 360 10000 1 1
9 174 "A" 360 10000 1 1
5 176 "A" 360 10000 1 1
6 176 "A" 360 10000 1 1
7 176 "A" 360 10000 1 1
8 176 "A" 360 10000 1 1
1 177 "A" 360 10000 1 1
5 177 "A" 360 10000 1 1
6 177 "A" 360 10000 1 1
7 177 "A" 360 10000 1 1
8 177 "A" 360 10000 1 1
1 178 "A" 360 10000 1 1
5 178 "A" 360 10000 1 1
1 179 "A" 360 10000 1 1
139 184 "A" 360 10000 1 1
7 189 "A" 360 10000 1 1
